1.0000000
0.9999992
0.9999880
0.9999390
0.9998072
0.9995294
0.9990243
0.9981926
0.9969173
0.9950637
0.9924795
0.9889957
0.9844266
0.9785708
0.9712123
0.9621214
0.9510565
0.9377659
0.9219899
0.9034639
0.8819213
0.8570971
0.8287325
0.7965794
0.7604060
0.7200025
0.6751880
0.6258171
0.5717880
0.5130498
0.4496113
0.3815494
0.3090170
0.2322519
0.1515843
0.0674439
-0.0196337
-0.1090024
-0.1999024
-0.2914588
-0.3826834
-0.4724787
-0.5596450
-0.6428921
-0.7208536
-0.7921066
-0.8551947
-0.9086563
-0.9510565
-0.9810240
-0.9972905
-0.9987345
-0.9844266
-0.9536759
-0.9060771
-0.8415550
-0.7604060
-0.6633346
-0.5514821
-0.4264454
-0.2902847
-0.1455165
0.0049087
0.1576464
0.3090170
0.4550836
0.5917494
0.7148732
0.8204014
0.9045133
0.9637761
0.9953043
0.9969173
0.9672885
0.9060771
0.8140363
0.6930874
0.5463532
0.3781438
0.1938866
0.0000000
-0.1962938
-0.3872139
-0.5647195
-0.7208536
-0.8481203
-0.9398790
-0.9907367
-0.9969173
-0.9565834
-0.8700870
-0.7401264
-0.5717880
-0.3724564
-0.1515843
0.0796824
0.3090170
0.5235445
0.7105693
0.8583589
0.9569403
0.9988549
0.9798158
0.8992121
0.7604060
0.5707807
0.3415076
0.0870199
-0.1757963
-0.4286641
-0.6531728
-0.8321508
-0.9510565
-0.9992765
-0.9712123
-0.8670462
-0.6930874
-0.4616277
-0.1902736
0.0992383
0.3826834
0.6353414
0.8341867
0.9600880
0.9998072
0.9475856
0.8061220
0.5867920
0.3090170
-0.0012272
-0.3136817
-0.5966845
-0.8204014
-0.9600880
-0.9990243
-0.9307670
-0.7604060
-0.5045983
-0.1902736
0.1479443
0.4713967
0.7417747
0.9257469
0.9992765
0.9510565
0.7845566
0.5183069
0.1842462
-0.1757963
-0.5151549
-0.7883464
-0.9572958
-0.9969173
-0.8992121
-0.6751880
-0.3541635
0.0196337
0.3928638
0.7105693
0.9243485
1.0000000
0.9234092
0.7036273
0.3724564
-0.0196337
-0.4108432
-0.7376457
-0.9452074
-0.9969173
-0.8813421
-0.6152316
-0.2417896
0.1757963
0.5647195
0.8551947
0.9932119
0.9510565
0.7334889
0.3781438
-0.0502933
-0.4713967
-0.8039380
-0.9817311
-0.9672885
-0.7604060
-0.3996242
0.0441643
0.4811083
0.8204014
0.9893558
0.9495282
0.7062385
0.3090170
-0.1576464
-0.5917494
-0.8959662
-0.9998072
-0.8766612
-0.5514821
-0.0967958
0.3826834
0.7737884
0.9817311
0.9536759
0.6930874
0.2607941
-0.2382156
-0.6797014
-0.9510565
-0.9805451
-0.7572088
-0.3357342
0.1757963
0.6428921
0.9398790
0.9842101
0.7604060
0.3264705
-0.1999024
-0.6724677
-0.9569403
-0.9697323
-0.7036273
-0.2322519
0.3090170
0.7612024
0.9884443
0.9195967
0.5717880
0.0478419
-0.4928982
-0.8824991
-0.9969173
-0.7965794
-0.3415076
0.2250839
0.7208536
0.9828801
0.9219899
0.5545494
0.0000000
-0.5565902
-0.9257469
-0.9785708
-0.6930874
-0.1649131
0.4231125
0.8633543
0.9969173
0.7722314
0.2667128
-0.3380450
-0.8204014
-0.9999390
-0.8061220
-0.3078496
0.3090170
0.8097377
0.9999880
0.8024759
0.2902847
-0.3380450
-0.8341867
-0.9981926
-0.7604060
-0.2131103
0.4231125
0.8870738
0.9844266
0.6706492
0.0735646
-0.5565902
-0.9510565
-0.9377659
-0.5183069
0.1284981
0.7208536
0.9962066
0.8287325
0.2891101
-0.3826834
-0.8824991
-0.9798158
-0.6258171
0.0196337
0.6578067
0.9884443
0.8519983
0.3090170
-0.3838169
-0.8932243
-0.9697323
-0.5717880
0.1090024
0.7376457
0.9998306
0.7604060
0.1357966
-0.5596450
-0.9703287
-0.8819213
-0.3357342
0.3872139
0.9086563
0.9510565
0.4875502
-0.2382156
-0.8375549
-0.9844266
-0.5947132
0.1224107
0.7737884
0.9969173
0.6633346
-0.0441643
-0.7284644
-0.9998072
-0.6992541
0.0049087
0.7079740
1.0000000
0.7062385
-0.0049087
-0.7148732
-0.9998072
-0.6850837
0.0441643
0.7483229
0.9969173
0.6334442
-0.1224107
-0.8039380
-0.9844266
-0.5463532
0.2382156
0.8730950
0.9510565
0.4175450
-0.3872139
-0.9419568
-0.8819213
-0.2417896
0.5596450
0.9907367
0.7604060
0.0184067
-0.7376457
-0.9940415
-0.5717880
0.2441704
0.8932243
0.9234092
0.3090170
-0.5235445
-0.9884443
-0.7531868
0.0196337
0.7799698
0.9798158
0.4703141
-0.3826834
-0.9572958
-0.8287325
-0.0870199
0.7208536
0.9917098
0.5183069
-0.3472681
-0.9510565
-0.8307872
-0.0735646
0.7417747
0.9844266
0.4616277
-0.4231125
-0.9770281
-0.7604060
0.0600958
0.8341867
0.9411299
0.2902847
-0.5966845
-0.9999880
-0.5867920
0.3090170
0.9514350
0.8061220
-0.0110444
-0.8204014
-0.9411299
-0.2667128
0.6353414
0.9969173
0.5045983
-0.4231125
-0.9863081
-0.6930874
0.2059106
0.9257469
0.8307872
0.0000000
-0.8321508
-0.9219899
-0.1842462
0.7208536
0.9743394
0.3415076
-0.6045339
-0.9969173
-0.4703141
0.4928982
0.9988549
0.5717880
-0.3928638
-0.9884443
-0.6485144
0.3090170
0.9726557
0.7036273
-0.2441704
-0.9569403
-0.7401264
0.1999024
0.9452074
0.7604060
-0.1770042
-0.9398790
-0.7659568
0.1757963
0.9419568
0.7572088
-0.1962938
-0.9510565
-0.7334889
0.2382156
0.9653944
0.6930874
-0.3008358
-0.9817311
-0.6334442
0.3826834
0.9953043
0.5514821
-0.4811083
-0.9998072
-0.4441221
0.5917494
0.9874956
0.3090170
-0.7079740
-0.9495282
-0.1455165
0.8204014
0.8766612
-0.0441643
-0.9166791
-0.7604060
0.2536788
0.9817311
0.5947132
-0.4713967
-0.9987345
-0.3781438
0.6797014
0.9510565
0.1163186
-0.8551947
-0.8252829
0.1757963
0.9703287
0.6152316
-0.4724787
-0.9969173
-0.3264705
0.7376457
0.9117060
-0.0196337
-0.9280497
-0.7036273
0.3838169
1.0000000
0.3815494
-0.7105693
-0.9195967
0.0196337
0.9351835
0.6751880
-0.4375131
-0.9969173
-0.2891101
0.7883464
0.8570971
-0.1757963
-0.9828801
-0.5183069
0.6200572
0.9510565
0.0380335
-0.9257469
-0.6706492
0.4713967
0.9889957
0.1902736
-0.8633543
-0.7604060
0.3656130
0.9990243
0.2796981
-0.8204014
-0.8024759
0.3136817
0.9999992
0.3090170
-0.8097377
-0.8061220
0.3195020
0.9998072
0.2796981
-0.8341867
-0.7722314
0.3826834
0.9950637
0.1902736
-0.8870738
-0.6930874
0.4982277
0.9712123
0.0380335
-0.9510565
-0.5545494
0.6531728
0.9034639
-0.1757963
-0.9962066
-0.3415076
0.8211025
0.7604060
-0.4375131
-0.9798158
-0.0478419
0.9569403
0.5130498
-0.7105693
-0.8519983
0.3090170
0.9968203
0.1515843
-0.9280497
-0.5717880
0.6724677
0.8700870
-0.2914588
-0.9969173
-0.1357966
0.9398790
0.5298036
-0.7208536
-0.8252829
0.3872139
0.9805451
-0.0000000
-0.9810240
-0.3781438
0.8375549
0.6930874
-0.5808140
-0.9060771
0.2536788
0.9969173
0.0967958
-0.9637761
-0.4264454
0.8204014
0.6992541
-0.5917494
-0.8904487
0.3090170
0.9874956
-0.0049087
-0.9893558
-0.2902847
0.9045133
0.5514821
-0.7483229
-0.7604060
0.5401715
0.9060771
-0.3008358
-0.9844266
0.0502933
0.9972905
0.1938866
-0.9510565
-0.4175450
0.8551947
0.6103828
-0.7208536
-0.7659568
0.5596450
0.8813421
-0.3826834
-0.9565834
0.1999024
0.9940415
-0.0196337
-0.9977231
-0.1515843
0.9726557
0.3090170
-0.9243485
-0.4496113
0.8583589
0.5717880
-0.7799698
-0.6751880
0.6939715
0.7604060
-0.6045339
-0.8287325
0.5151549
0.8819213
-0.4286641
-0.9219899
0.3472681
0.9510565
-0.2726214
-0.9712123
0.2059106
0.9844266
-0.1479443
-0.9924795
0.0992383
0.9969173
-0.0600958
-0.9990243
0.0306748
0.9998072
-0.0110444
-0.9999880
0.0012272
1.0000000
-0.0012272
-0.9999880
0.0110444
0.9998072
-0.0306748
-0.9990243
0.0600958
0.9969173
-0.0992383
-0.9924795
0.1479443
0.9844266
-0.2059106
-0.9712123
0.2726214
0.9510565
-0.3472681
-0.9219899
0.4286641
0.8819213
-0.5151549
-0.8287325
0.6045339
0.7604060
-0.6939715
-0.6751880
0.7799698
0.5717880
-0.8583589
-0.4496113
0.9243485
0.3090170
-0.9726557
-0.1515843
0.9977231
-0.0196337
-0.9940415
0.1999024
0.9565834
-0.3826834
-0.8813421
0.5596450
0.7659568
-0.7208536
-0.6103828
0.8551947
0.4175450
-0.9510565
-0.1938866
0.9972905
-0.0502933
-0.9844266
0.3008358
0.9060771
-0.5401715
-0.7604060
0.7483229
0.5514821
-0.9045133
-0.2902847
0.9893558
-0.0049087
-0.9874956
0.3090170
0.8904487
-0.5917494
-0.6992541
0.8204014
0.4264454
-0.9637761
-0.0967958
0.9969173
-0.2536788
-0.9060771
0.5808140
0.6930874
-0.8375549
-0.3781438
0.9810240
0.0000000
-0.9805451
0.3872139
0.8252829
-0.7208536
-0.5298036
0.9398790
0.1357966
-0.9969173
0.2914588
0.8700870
-0.6724677
-0.5717880
0.9280497
0.1515843
-0.9968203
0.3090170
0.8519983
-0.7105693
-0.5130498
0.9569403
0.0478419
-0.9798158
0.4375131
0.7604060
-0.8211025
-0.3415076
0.9962066
-0.1757963
-0.9034639
0.6531728
0.5545494
-0.9510565
-0.0380335
0.9712123
-0.4982277
-0.6930874
0.8870738
0.1902736
-0.9950637
0.3826834
0.7722314
-0.8341867
-0.2796981
0.9998072
-0.3195020
-0.8061220
0.8097377
0.3090170
-0.9999992
0.3136817
0.8024759
-0.8204014
-0.2796981
0.9990243
-0.3656130
-0.7604060
0.8633543
0.1902736
-0.9889957
0.4713967
0.6706492
-0.9257469
-0.0380335
0.9510565
-0.6200572
-0.5183069
0.9828801
-0.1757963
-0.8570971
0.7883464
0.2891101
-0.9969173
0.4375131
0.6751880
-0.9351835
0.0196337
0.9195967
-0.7105693
-0.3815494
1.0000000
-0.3838169
-0.7036273
0.9280497
-0.0196337
-0.9117060
0.7376457
0.3264705
-0.9969173
0.4724787
0.6152316
-0.9703287
0.1757963
0.8252829
-0.8551947
-0.1163186
0.9510565
-0.6797014
-0.3781438
0.9987345
-0.4713967
-0.5947132
0.9817311
-0.2536788
-0.7604060
0.9166791
-0.0441643
-0.8766612
0.8204014
0.1455165
-0.9495282
0.7079740
0.3090170
-0.9874956
0.5917494
0.4441221
-0.9998072
0.4811083
0.5514821
-0.9953043
0.3826834
0.6334442
-0.9817311
0.3008358
0.6930874
-0.9653944
0.2382156
0.7334889
-0.9510565
0.1962938
0.7572088
-0.9419568
0.1757963
0.7659568
-0.9398790
0.1770042
0.7604060
-0.9452074
0.1999024
0.7401264
-0.9569403
0.2441704
0.7036273
-0.9726557
0.3090170
0.6485144
-0.9884443
0.3928638
0.5717880
-0.9988549
0.4928982
0.4703141
-0.9969173
0.6045339
0.3415076
-0.9743394
0.7208536
0.1842462
-0.9219899
0.8321508
0.0000000
-0.8307872
0.9257469
-0.2059106
-0.6930874
0.9863081
-0.4231125
-0.5045983
0.9969173
-0.6353414
-0.2667128
0.9411299
-0.8204014
0.0110444
0.8061220
-0.9514350
0.3090170
0.5867920
-0.9999880
0.5966845
0.2902847
-0.9411299
0.8341867
-0.0600958
-0.7604060
0.9770281
-0.4231125
-0.4616277
0.9844266
-0.7417747
-0.0735646
0.8307872
-0.9510565
0.3472681
0.5183069
-0.9917098
0.7208536
0.0870199
-0.8287325
0.9572958
-0.3826834
-0.4703141
0.9798158
-0.7799698
0.0196337
0.7531868
-0.9884443
0.5235445
0.3090170
-0.9234092
0.8932243
-0.2441704
-0.5717880
0.9940415
-0.7376457
-0.0184067
0.7604060
-0.9907367
0.5596450
0.2417896
-0.8819213
0.9419568
-0.3872139
-0.4175450
0.9510565
-0.8730950
0.2382156
0.5463532
-0.9844266
0.8039380
-0.1224107
-0.6334442
0.9969173
-0.7483229
0.0441643
0.6850837
-0.9998072
0.7148732
-0.0049087
-0.7062385
1.0000000
-0.7079740
0.0049087
0.6992541
-0.9998072
0.7284644
-0.0441643
-0.6633346
0.9969173
-0.7737884
0.1224107
0.5947132
-0.9844266
0.8375549
-0.2382156
-0.4875502
0.9510565
-0.9086563
0.3872139
0.3357342
-0.8819213
0.9703287
-0.5596450
-0.1357966
0.7604060
-0.9998306
0.7376457
-0.1090024
-0.5717880
0.9697323
-0.8932243
0.3838169
0.3090170
-0.8519983
0.9884443
-0.6578067
0.0196337
0.6258171
-0.9798158
0.8824991
-0.3826834
-0.2891101
0.8287325
-0.9962066
0.7208536
-0.1284981
-0.5183069
0.9377659
-0.9510565
0.5565902
0.0735646
-0.6706492
0.9844266
-0.8870738
0.4231125
0.2131103
-0.7604060
0.9981926
-0.8341867
0.3380450
0.2902847
-0.8024759
0.9999880
-0.8097377
0.3090170
0.3078496
-0.8061220
0.9999390
-0.8204014
0.3380450
0.2667128
-0.7722314
0.9969173
-0.8633543
0.4231125
0.1649131
-0.6930874
0.9785708
-0.9257469
0.5565902
0.0000000
-0.5545494
0.9219899
-0.9828801
0.7208536
-0.2250839
-0.3415076
0.7965794
-0.9969173
0.8824991
-0.4928982
-0.0478419
0.5717880
-0.9195967
0.9884443
-0.7612024
0.3090170
0.2322519
-0.7036273
0.9697323
-0.9569403
0.6724677
-0.1999024
-0.3264705
0.7604060
-0.9842101
0.9398790
-0.6428921
0.1757963
0.3357342
-0.7572088
0.9805451
-0.9510565
0.6797014
-0.2382156
-0.2607941
0.6930874
-0.9536759
0.9817311
-0.7737884
0.3826834
0.0967958
-0.5514821
0.8766612
-0.9998072
0.8959662
-0.5917494
0.1576464
0.3090170
-0.7062385
0.9495282
-0.9893558
0.8204014
-0.4811083
0.0441643
0.3996242
-0.7604060
0.9672885
-0.9817311
0.8039380
-0.4713967
0.0502933
0.3781438
-0.7334889
0.9510565
-0.9932119
0.8551947
-0.5647195
0.1757963
0.2417896
-0.6152316
0.8813421
-0.9969173
0.9452074
-0.7376457
0.4108432
-0.0196337
-0.3724564
0.7036273
-0.9234092
1.0000000
-0.9243485
0.7105693
-0.3928638
0.0196337
0.3541635
-0.6751880
0.8992121
-0.9969173
0.9572958
-0.7883464
0.5151549
-0.1757963
-0.1842462
0.5183069
-0.7845566
0.9510565
-0.9992765
0.9257469
-0.7417747
0.4713967
-0.1479443
-0.1902736
0.5045983
-0.7604060
0.9307670
-0.9990243
0.9600880
-0.8204014
0.5966845
-0.3136817
0.0012272
0.3090170
-0.5867920
0.8061220
-0.9475856
0.9998072
-0.9600880
0.8341867
-0.6353414
0.3826834
-0.0992383
-0.1902736
0.4616277
-0.6930874
0.8670462
-0.9712123
0.9992765
-0.9510565
0.8321508
-0.6531728
0.4286641
-0.1757963
-0.0870199
0.3415076
-0.5707807
0.7604060
-0.8992121
0.9798158
-0.9988549
0.9569403
-0.8583589
0.7105693
-0.5235445
0.3090170
-0.0796824
-0.1515843
0.3724564
-0.5717880
0.7401264
-0.8700870
0.9565834
-0.9969173
0.9907367
-0.9398790
0.8481203
-0.7208536
0.5647195
-0.3872139
0.1962938
-0.0000000
-0.1938866
0.3781438
-0.5463532
0.6930874
-0.8140363
0.9060771
-0.9672885
0.9969173
-0.9953043
0.9637761
-0.9045133
0.8204014
-0.7148732
0.5917494
-0.4550836
0.3090170
-0.1576464
0.0049087
0.1455165
-0.2902847
0.4264454
-0.5514821
0.6633346
-0.7604060
0.8415550
-0.9060771
0.9536759
-0.9844266
0.9987345
-0.9972905
0.9810240
-0.9510565
0.9086563
-0.8551947
0.7921066
-0.7208536
0.6428921
-0.5596450
0.4724787
-0.3826834
0.2914588
-0.1999024
0.1090024
-0.0196337
-0.0674439
0.1515843
-0.2322519
0.3090170
-0.3815494
0.4496113
-0.5130498
0.5717880
-0.6258171
0.6751880
-0.7200025
0.7604060
-0.7965794
0.8287325
-0.8570971
0.8819213
-0.9034639
0.9219899
-0.9377659
0.9510565
-0.9621214
0.9712123
-0.9785708
0.9844266
-0.9889957
0.9924795
-0.9950637
0.9969173
-0.9981926
0.9990243
-0.9995294
0.9998072
-0.9999390
0.9999880
-0.9999992
1.0000000
