1.0000000
0.9999999
0.9999981
0.9999902
0.9999692
0.9999247
0.9998439
0.9997107
0.9995066
0.9992096
0.9987955
0.9982366
0.9975028
0.9965610
0.9953753
0.9939070
0.9921147
0.9899544
0.9873793
0.9843402
0.9807853
0.9766606
0.9719097
0.9664742
0.9602937
0.9533060
0.9454475
0.9366531
0.9268566
0.9159911
0.9039893
0.8907836
0.8763067
0.8604920
0.8432742
0.8245893
0.8043756
0.7825742
0.7591293
0.7339892
0.7071068
0.6784402
0.6479537
0.6156185
0.5814132
0.5453250
0.5073504
0.4674959
0.4257793
0.3822299
0.3368899
0.2898149
0.2410751
0.1907555
0.1389571
0.0857973
0.0314108
-0.0240505
-0.0804164
-0.1374986
-0.1950903
-0.2529665
-0.3108838
-0.3685809
-0.4257793
-0.4821838
-0.5374836
-0.5913536
-0.6434559
-0.6934411
-0.7409511
-0.7856207
-0.8270806
-0.8649599
-0.8988897
-0.9285061
-0.9534542
-0.9733918
-0.9879936
-0.9969557
-1.0000000
-0.9968787
-0.9873793
-0.9713291
-0.9486002
-0.9191139
-0.8828451
-0.8398272
-0.7901550
-0.7339892
-0.6715590
-0.6031645
-0.5291790
-0.4500497
-0.3662982
-0.2785197
-0.1873813
-0.0936196
0.0019635
0.0985056
0.1950903
0.2907544
0.3844967
0.4752883
0.5620834
0.6438315
0.7194913
0.7880443
0.8485102
0.8999624
0.9415441
0.9724844
0.9921147
0.9998842
0.9953753
0.9783174
0.9486002
0.9062847
0.8516126
0.7850129
0.7071068
0.6187084
0.5208234
0.4146436
0.3015380
0.1830399
0.0608308
-0.0632804
-0.1873813
-0.3094838
-0.4275551
-0.5395517
-0.6434559
-0.7373142
-0.8192772
-0.8876396
-0.9408808
-0.9777031
-0.9970695
-0.9982366
-0.9807853
-0.9446451
-0.8901134
-0.8178674
-0.7289686
-0.6248595
-0.5073504
-0.3785981
-0.2410751
-0.0975286
0.0490677
0.1955717
0.3387379
0.4752883
0.6019892
0.7157308
0.8136084
0.8930035
0.9516614
0.9877650
1.0000000
0.9876114
0.9504479
0.8889922
0.8043756
0.6983762
0.5733977
0.4324300
0.2789911
0.1170499
-0.0490677
-0.2147886
-0.3754156
-0.5262603
-0.6627834
-0.7807372
-0.8763067
-0.9462442
-0.9879936
-0.9997975
-0.9807853
-0.9310359
-0.8516126
-0.7445665
-0.6129071
-0.4605387
-0.2921631
-0.1131490
0.0706270
0.2529665
0.4275551
0.5881823
0.7289686
0.8445908
0.9304975
0.9831055
0.9999692
0.9799138
0.9231264
0.8311968
0.7071068
0.5551620
0.3808687
0.1907555
-0.0078539
-0.2071114
-0.3989491
-0.5754068
-0.7289686
-0.8528965
-0.9415441
-0.9906365
-0.9975028
-0.9612467
-0.8828451
-0.7651673
-0.6129071
-0.4324300
-0.2315357
-0.0191429
0.1950903
0.4011985
0.5893726
0.7504356
0.8763067
0.9604305
0.9981481
0.9869876
0.9268566
0.8201207
0.6715590
0.4881929
0.2789911
0.0544600
-0.1738630
-0.3939920
-0.5941211
-0.7632677
-0.8918962
-0.9724844
-1.0000000
-0.9722552
-0.8901134
-0.7575294
-0.5814132
-0.3713172
-0.1389571
0.1024128
0.3387379
0.5559783
0.7409511
0.8821526
0.9705065
0.9999902
0.9680930
0.8760701
0.7289686
0.5354123
0.3071490
0.0583808
-0.1950903
-0.4368509
-0.6509398
-0.8229195
-0.9408808
-0.9963126
-0.9847698
-0.9062847
-0.7654832
-0.5713852
-0.3368899
-0.0779697
0.1873813
0.4403799
0.6627834
0.8382247
0.9534542
0.9993927
0.9719097
0.8722561
0.7071068
0.4881929
0.2315357
-0.0436739
-0.3164770
-0.5657318
-0.7717633
-0.9179495
-0.9921147
-0.9876114
-0.9039893
-0.7471822
-0.5291790
-0.2671858
0.0176705
0.3020059
0.5620834
0.7758056
0.9246291
0.9952327
0.9807853
0.8816898
0.7057170
0.4674959
0.1873813
-0.1102222
-0.3989491
-0.6528011
-0.8485102
-0.9677229
-0.9987955
-0.9380213
-0.7901550
-0.5681580
-0.2921631
0.0122715
0.3164770
0.5913536
0.8101695
0.9512081
1.0000000
0.9509047
0.8078613
0.5842054
0.3015380
-0.0122715
-0.3257744
-0.6070725
-0.8270806
-0.9625884
-0.9987955
-0.9310359
-0.7654832
-0.5187266
-0.2162266
0.1102222
0.4257793
0.6962652
0.8918962
0.9906365
0.9807853
0.8624861
0.6479537
0.3603530
0.0314108
-0.3020059
-0.6019892
-0.8339159
-0.9705065
-0.9951365
-0.9039893
-0.7067596
-0.4257793
-0.0936196
0.2505912
0.5657318
0.8136084
0.9636450
0.9967614
0.9079376
0.7071068
0.4182139
0.0765015
-0.2756898
-0.5941211
-0.8382247
-0.9763432
-0.9899544
-0.8763067
-0.6490747
-0.3368899
0.0201245
0.3754156
0.6820382
0.8988897
0.9963126
0.9602937
0.7946465
0.5208234
0.1753130
-0.1950903
-0.5395517
-0.8101695
-0.9687051
-0.9921147
-0.8760701
-0.6359099
-0.3048124
0.0706270
0.4368509
0.7409511
0.9383611
0.9995066
0.9144086
0.6945014
0.3713172
-0.0078539
-0.3867613
-0.7084938
-0.9240673
-1.0000000
-0.9236916
-0.7057170
-0.3785981
0.0078539
0.3939920
0.7194913
0.9328160
0.9995066
0.9079376
0.6715590
0.3271664
-0.0706270
-0.4579224
-0.7717633
-0.9604305
-0.9921147
-0.8604920
-0.5861956
-0.2138297
0.1950903
0.5721906
0.8536644
0.9911650
0.9602937
0.7651673
0.4381750
0.0348450
-0.3754156
-0.7211937
-0.9415441
-0.9968787
-0.8763067
-0.6000276
-0.2162266
0.2071114
0.5941211
0.8746461
0.9970695
0.9380213
0.7071068
0.3456565
-0.0804164
-0.4924710
-0.8136084
-0.9831055
-0.9680930
-0.7702003
-0.4257793
0.0004909
0.4275551
0.7733218
0.9705065
0.9799138
0.7985042
0.4605387
0.0314108
-0.4047925
-0.7616797
-0.9677229
-0.9807853
-0.7970243
-0.4522401
-0.0152165
0.4257793
0.7807372
0.9763432
0.9713291
0.7654832
0.4002991
-0.0490677
-0.4890495
-0.8270806
-0.9911650
-0.9454475
-0.6983762
-0.3015380
0.1607964
0.5893726
0.8912293
1.0000000
0.8907836
0.5861956
0.1520695
-0.3164770
-0.7157308
-0.9563685
-0.9836403
-0.7901550
-0.4182139
0.0490677
0.5060808
0.8485102
0.9972542
0.9169731
0.6248595
0.1873813
-0.2945095
-0.7084938
-0.9570827
-0.9807853
-0.7726990
-0.3808687
0.1024128
0.5620834
0.8876396
0.9998439
0.8703288
0.5291790
0.0583808
-0.4275551
-0.8093054
-0.9921147
-0.9295957
-0.6359099
-0.1830399
0.3164770
0.7373142
0.9728264
0.9623219
0.7071068
0.2709680
-0.2353542
-0.6820382
-0.9534542
-0.9783174
-0.7488111
-0.3234530
0.1873813
0.6498212
0.9415441
0.9843402
0.7654832
0.3419689
-0.1738630
-0.6438315
-0.9408808
-0.9836403
-0.7591293
-0.3271664
0.1950903
0.6646193
0.9516614
0.9758096
0.7289686
0.2785197
-0.2505912
-0.7102238
-0.9705065
-0.9567977
-0.6715590
-0.1946089
0.3387379
0.7758056
0.9902984
0.9191139
0.5814132
0.0740541
-0.4557391
-0.8528965
-1.0000000
-0.8523836
-0.4522401
0.0828626
0.5941211
0.9285061
0.9847698
0.7445665
0.2789911
-0.2719129
-0.7409511
-0.9845127
-0.9268566
-0.5842054
-0.0608308
0.4821838
0.8763067
0.9979958
0.8078613
0.3640133
-0.1950903
-0.6934411
-0.9728264
-0.9433494
-0.6129071
-0.0857973
0.4696642
0.8746461
0.9975028
0.7970243
0.3368899
-0.2339226
-0.7289686
-0.9851936
-0.9169731
-0.5453250
0.0078539
0.5592381
0.9246291
0.9806894
0.7071068
0.1946089
-0.3844967
-0.8339159
-0.9999692
-0.8245893
-0.3662982
0.2186223
0.7289686
0.9877650
0.9039893
0.5052338
-0.0706270
-0.6225573
-0.9563685
-0.9533060
-0.6129071
-0.0544600
0.5241717
0.9163846
0.9807853
0.6927334
0.1544948
-0.4403799
-0.8763067
-0.9939070
-0.7488111
-0.2291473
0.3754156
0.8424818
0.9987955
0.7850129
0.2789911
-0.3318010
-0.8192772
-0.9999247
-0.8043756
-0.3048124
0.3108838
0.8093054
1.0000000
0.8087284
0.3071490
-0.3132156
-0.8136084
-0.9999247
-0.7985042
-0.2860542
0.3387379
0.8317422
0.9987955
0.7726990
0.2410751
-0.3867613
-0.8617399
-0.9939070
-0.7289686
-0.1714455
0.4557391
0.8999624
0.9807853
0.6638854
0.0765015
-0.5428539
-0.9408808
-0.9533060
-0.5733977
0.0436739
0.6434559
0.9768710
0.9039893
0.4535531
-0.1873813
-0.7504356
-0.9981481
-0.8245893
-0.3015380
0.3502585
0.8536644
0.9930106
0.7071068
0.1170499
-0.5241717
-0.9397113
-0.9486002
-0.5453250
0.0960629
0.6962652
0.9921147
0.8523836
0.3368899
-0.3280939
-0.8485102
-0.9925395
-0.6945014
-0.0857973
0.5620834
0.9582134
0.9231264
0.4709638
-0.1950903
-0.7733218
-0.9999981
-0.7702003
-0.1873813
0.4821838
0.9304975
0.9496820
0.5291790
-0.1374986
-0.7409511
-0.9992482
-0.7901550
-0.2099919
0.4696642
0.9285061
0.9486002
0.5187266
-0.1583735
-0.7607247
-1.0000000
-0.7600871
-0.1544948
0.5262603
0.9534542
0.9191139
0.4381750
-0.2567638
-0.8270806
-0.9930106
-0.6715590
-0.0191429
0.6434559
0.9883698
0.8432742
0.2785197
-0.4257793
-0.9179495
-0.9504479
-0.5052338
0.1950903
0.7976168
0.9967614
0.6898960
0.0314108
-0.6438315
-0.9902984
-0.8290071
-0.2410751
0.4718296
0.9415441
0.9236916
0.4257793
-0.2945095
-0.8617399
-0.9783174
-0.5814132
0.1219235
0.7616797
0.9992096
0.7071068
0.0387693
-0.6509398
-0.9935780
-0.8043756
-0.1830399
0.5374836
0.9687051
0.8763067
0.3085501
-0.4275551
-0.9313937
-0.9268566
-0.4146436
0.3257744
0.8876396
0.9602937
0.5018410
-0.2353542
-0.8424818
-0.9807853
-0.5713852
0.1583735
0.7999793
0.9921147
0.6248595
-0.0960629
-0.7632677
-0.9975028
-0.6638854
0.0490677
0.7346556
0.9995066
0.6898960
-0.0176705
-0.7157308
-0.9999692
-0.7039760
0.0019635
0.7074538
1.0000000
0.7067596
-0.0019635
-0.7102238
-0.9999692
-0.6983762
0.0176705
0.7239085
0.9995066
0.6784402
-0.0490677
-0.7478343
-0.9975028
-0.6460824
0.0960629
0.7807372
0.9921147
0.6000276
-0.1583735
-0.8206820
-0.9807853
-0.5387248
0.2353542
0.8649599
0.9602937
0.4605387
-0.3257744
-0.9099839
-0.9268566
-0.3640133
0.4275551
0.9512081
0.8763067
0.2482144
-0.5374836
-0.9831055
-0.8043756
-0.1131490
0.6509398
0.9992482
0.7071068
-0.0397503
-0.7616797
-0.9925395
-0.5814132
0.2071114
0.8617399
0.9556486
0.4257793
-0.3831369
-0.9415441
-0.8816898
-0.2410751
0.5592381
0.9902984
0.7651673
0.0314108
-0.7239085
-0.9967614
-0.6031645
0.1950903
0.8629825
0.9504479
0.3966973
-0.4257793
-0.9604305
-0.8432742
-0.1520695
0.6434559
0.9998168
0.6715590
-0.1180249
-0.8270806
-0.9664742
-0.4381750
0.3939920
0.9534542
0.8503235
0.1544948
-0.6498212
-1.0000000
-0.6490747
0.1583735
0.8549402
0.9486002
0.3713172
-0.4696642
-0.9777031
-0.7901550
-0.0387693
0.7409511
0.9905020
0.5291790
-0.3132156
-0.9304975
-0.8760701
-0.1873813
0.6378021
0.9999981
0.6340138
-0.1950903
-0.8821526
-0.9231264
-0.2860542
0.5620834
0.9963126
0.6945014
-0.1219235
-0.8485102
-0.9446451
-0.3368899
0.5229170
0.9921147
0.7177846
-0.0960629
-0.8382247
-0.9486002
-0.3419689
0.5241717
0.9931260
0.7071068
-0.1180249
-0.8536644
-0.9366531
-0.3015380
0.5657318
0.9981481
0.6609436
-0.1873813
-0.8912293
-0.9039893
-0.2138297
0.6434559
0.9990458
0.5733977
-0.3020059
-0.9408808
-0.8398272
-0.0765015
0.7478343
0.9807853
0.4359675
-0.4557391
-0.9851936
-0.7289686
0.1102222
0.8617399
0.9221799
0.2410751
-0.6347727
-0.9987955
-0.5551620
0.3387379
0.9582134
0.7985042
-0.0122715
-0.8136084
-0.9496820
-0.3071490
0.5881823
1.0000000
0.5873881
-0.3108838
-0.9524124
-0.8043756
0.0122715
0.8192772
0.9433494
0.2789911
-0.6194794
-0.9987955
-0.5387248
0.3754156
0.9733918
0.7488111
-0.1102222
-0.8763067
-0.8978115
-0.1544948
0.7211937
0.9807853
0.4002991
-0.5241717
-0.9985160
-0.6129071
0.3020059
0.9563685
0.7825742
-0.0706270
-0.8629825
-0.9039893
-0.1559496
0.7289686
0.9758096
0.3662982
-0.5657318
-0.9999692
-0.5518915
0.3844967
0.9808809
0.7071068
-0.1955717
-0.9246291
-0.8290071
0.0078539
0.8382247
0.9169731
0.1714455
-0.7289686
-0.9722552
-0.3368899
0.6039473
0.9975028
0.4847619
-0.4696642
-0.9963126
-0.6129071
0.3318010
0.9728264
0.7205133
-0.1950903
-0.9313937
-0.8078613
0.0632804
0.8763067
0.8760701
0.0608308
-0.8116058
-0.9268566
-0.1753130
0.7409511
0.9623219
0.2789911
-0.6675483
-0.9847698
-0.3713172
0.5941211
0.9965610
0.4522401
-0.5229170
-1.0000000
-0.5220800
0.4557391
0.9972542
0.5814132
-0.3939920
-0.9902984
-0.6309720
0.3387379
0.9808809
0.6715590
-0.2907544
-0.9705065
-0.7039760
0.2505912
0.9604305
0.7289686
-0.2186223
-0.9516614
-0.7471822
0.1950903
0.9449668
0.7591293
-0.1801436
-0.9408808
-0.7651673
0.1738630
0.9397113
0.7654832
-0.1762795
-0.9415441
-0.7600871
0.1873813
0.9462442
0.7488111
-0.2071114
-0.9534542
-0.7313165
0.2353542
0.9625884
0.7071068
-0.2719129
-0.9728264
-0.6755500
0.3164770
0.9831055
0.6359099
-0.3685809
-0.9921147
-0.5873881
0.4275551
0.9982944
0.5291790
-0.4924710
-0.9998439
-0.4605387
0.5620834
0.9947420
0.3808687
-0.6347727
-0.9807853
-0.2898149
0.7084938
0.9556486
0.1873813
-0.7807372
-0.9169731
-0.0740541
0.8485102
0.8624861
-0.0490677
-0.9083486
-0.7901550
0.1801436
0.9563685
0.6983762
-0.3164770
-0.9883698
-0.5861956
0.4544278
1.0000000
0.4535531
-0.5893726
-0.9869876
-0.3015380
0.7157308
0.9454475
0.1326348
-0.8270806
-0.8722561
0.0490677
0.9163846
0.7654832
-0.2377389
-0.9763432
-0.6248595
0.4257793
0.9998842
0.4522401
-0.6039473
-0.9807853
-0.2520166
0.7616797
0.9144086
0.0314108
-0.8876396
-0.7985042
0.1994214
0.9705065
0.6340138
-0.4275551
-0.9999999
-0.4257793
0.6378021
0.9680930
0.1830399
-0.8136084
-0.8703288
0.0804164
0.9383611
0.7071068
-0.3465775
-0.9970695
-0.4847619
0.5941211
0.9783174
0.2162266
-0.7999793
-0.8763067
0.0789484
0.9415441
0.6927334
-0.3754156
-0.9993927
-0.4381750
0.6438315
0.9602937
0.1326348
-0.8536644
-0.8201207
0.1950903
0.9768710
0.5861956
-0.5094639
-0.9921147
-0.2785197
0.7717633
0.8889922
-0.0706270
-0.9449668
-0.6715590
0.4191055
0.9995066
0.3603530
-0.7194913
-0.9191139
0.0078539
0.9255612
0.7057170
-0.3831369
-1.0000000
-0.3822299
0.7084938
0.9221799
-0.0078539
-0.9285061
-0.6945014
0.4047925
0.9995066
0.3456565
-0.7409511
-0.8995340
0.0706270
0.9524124
0.6359099
-0.4821838
-0.9921147
-0.2482144
0.8101695
0.8419525
-0.1950903
-0.9845127
-0.5208234
0.6070725
0.9602937
0.0857973
-0.8988897
-0.7313165
0.3754156
0.9997975
0.3368899
-0.7607247
-0.8763067
0.1413872
0.9763432
0.5453250
-0.5941211
-0.9612467
-0.0765015
0.9083486
0.7071068
-0.4191055
-0.9967614
-0.2671858
0.8136084
0.8245893
-0.2505912
-0.9956080
-0.4257793
0.7074538
0.9039893
-0.0985056
-0.9705065
-0.5518915
0.6019892
0.9533060
0.0314108
-0.9328160
-0.6479537
0.5060808
0.9807853
0.1365261
-0.8918962
-0.7177846
0.4257793
0.9939070
0.2162266
-0.8549402
-0.7654832
0.3649276
0.9987955
0.2709680
-0.8270806
-0.7946465
0.3257744
0.9999247
0.3015380
-0.8116058
-0.8078613
0.3094838
1.0000000
